filter/vel_filter_coef : [0.01190809806358, -0.09822066505161,   0.5863125769117,   0.5863125769117, -0.09822066505161,  0.01190809806358]
filter/vel_filter_gain : 1

filter/acc_filter_coef : [0.01190809806358, -0.09822066505161,   0.5863125769117,   0.5863125769117, -0.09822066505161,  0.01190809806358]
filter/acc_filter_gain : 1

filter/pose_x_filter_coef : [0.01190809806358, -0.09822066505161,   0.5863125769117,   0.5863125769117, -0.09822066505161,  0.01190809806358]
filter/pose_x_filter_gain : 1

filter/pose_y_filter_coef : [0.01190809806358, -0.09822066505161,   0.5863125769117,   0.5863125769117, -0.09822066505161,  0.01190809806358]
filter/pose_y_filter_gain : 1

state_fir_filter/x_filter_gain : 1
state_fir_filter/x_filter_coef : [0.01190809806358, -0.09822066505161, 0.5863125769117, 0.5863125769117, -0.09822066505161, 0.01190809806358]
state_fir_filter/y_filter_gain : 1 
state_fir_filter/y_filter_coef : [0.01190809806358, -0.09822066505161, 0.5863125769117, 0.5863125769117, -0.09822066505161, 0.01190809806358]
state_fir_filter/ang_filter_gain : 1
state_fir_filter/ang_filter_coef : [0.01190809806358, -0.09822066505161, 0.5863125769117, 0.5863125769117, -0.09822066505161, 0.01190809806358]
state_fir_filter/vel_x_filter_gain : 1
state_fir_filter/vel_x_filter_coef : [0.01190809806358, -0.09822066505161, 0.5863125769117, 0.5863125769117, -0.09822066505161, 0.01190809806358]
state_fir_filter/vel_y_filter_gain : 1
state_fir_filter/vel_y_filter_coef : [0.01190809806358, -0.09822066505161, 0.5863125769117, 0.5863125769117, -0.09822066505161, 0.01190809806358]
state_fir_filter/vel_ang_filter_gain : 1
state_fir_filter/vel_ang_filter_coef : [0.01190809806358, -0.09822066505161, 0.5863125769117, 0.5863125769117, -0.09822066505161, 0.01190809806358]
state_fir_filter/acc_x_filter_gain : 1
state_fir_filter/acc_x_filter_coef : [0.01190809806358, -0.09822066505161, 0.5863125769117, 0.5863125769117, -0.09822066505161, 0.01190809806358]
state_fir_filter/acc_y_filter_gain : 1
state_fir_filter/acc_y_filter_coef : [0.01190809806358, -0.09822066505161, 0.5863125769117, 0.5863125769117, -0.09822066505161, 0.01190809806358]
state_fir_filter/acc_ang_filter_gain : 1
state_fir_filter/acc_ang_filter_coef : [0.01190809806358, -0.09822066505161, 0.5863125769117, 0.5863125769117, -0.09822066505161, 0.01190809806358]

state_fir_filter/acc_pedal_filter_gain : 1
state_fir_filter/acc_pedal_filter_coef : [0.01190809806358, -0.09822066505161, 0.5863125769117, 0.5863125769117, -0.09822066505161, 0.01190809806358]
state_fir_filter/brake_pedal_filter_gain : 1
state_fir_filter/brake_pedal_filter_coef : [0.01190809806358, -0.09822066505161, 0.5863125769117, 0.5863125769117, -0.09822066505161, 0.01190809806358]
state_fir_filter/steering_angle_filter_gain : 1
state_fir_filter/steering_angle_filter_coef : [0.01190809806358, -0.09822066505161, 0.5863125769117, 0.5863125769117, -0.09822066505161, 0.01190809806358]

